[[[0, 0, 0.75210559396605903], [0, 10, 0.74607165304839729], [0, 20, 0.74544311753614079], [0, 30, 0.74242614707730992], [0, 40, 0.73670647391577626], [0, 50, 0.73450659962287868], [0, 60, 0.73042111879321181], [0, 70, 0.72746700188560653], [0, 80, 0.72495285983658075]], [[10, 0, 0.75141420490257704], [10, 10, 0.74802011313639216], [10, 20, 0.7438717787554997], [10, 30, 0.74041483343808923], [10, 40, 0.73689503456945316], [10, 50, 0.73394091766184788], [10, 60, 0.73123821495914521], [10, 70, 0.72646134506599624], [10, 80, 0.72614707730986805]], [[20, 0, 0.75191703331238213], [20, 10, 0.74776869893148967], [20, 20, 0.74556882463859209], [20, 30, 0.74248900062853551], [20, 40, 0.73915776241357634], [20, 50, 0.73651791326209926], [20, 60, 0.73111250785669391], [20, 70, 0.72740414833438094], [20, 80, 0.72677561282212444]], [[30, 0, 0.75191703331238213], [30, 10, 0.74776869893148967], [30, 20, 0.74556882463859209], [30, 30, 0.74462602137020739], [30, 40, 0.73903205531112504], [30, 50, 0.73915776241357634], [30, 60, 0.7326209930861094], [30, 70, 0.7308610936517913], [30, 80, 0.72652419861722184]], [[40, 0, 0.75109993714644874], [40, 10, 0.74695160276555628], [40, 20, 0.74563167818981768], [40, 30, 0.74450031426775609], [40, 40, 0.74286612193588941], [40, 50, 0.73978629792583284], [40, 60, 0.73456945317410438], [40, 70, 0.7308610936517913], [40, 80, 0.72979258328095542]], [[50, 0, 0.75166561910747953], [50, 10, 0.74688874921433057], [50, 20, 0.74487743557510999], [50, 30, 0.74487743557510999], [50, 40, 0.7431175361407919], [50, 50, 0.74091766184789443], [50, 60, 0.73412947831552477], [50, 70, 0.73280955373978629], [50, 80, 0.7315524827152734]], [[60, 0, 0.75223130106851033], [60, 10, 0.74808296668761787], [60, 20, 0.74600879949717158], [60, 30, 0.74462602137020739], [60, 40, 0.74186046511627912], [60, 50, 0.74110622250157132], [60, 60, 0.73727215587680706], [60, 70, 0.73444374607165308], [60, 80, 0.7326209930861094]], [[70, 0, 0.75204274041483343], [70, 10, 0.74883720930232556], [70, 20, 0.74556882463859209], [70, 30, 0.7442489000628536], [70, 40, 0.74116907605279703], [70, 50, 0.74098051539912002], [70, 60, 0.73834066624764294], [70, 70, 0.73494657448145817], [70, 80, 0.73356379635449398]], [[80, 0, 0.75342551854179762], [80, 10, 0.75015713387806415], [80, 20, 0.74688874921433057], [80, 30, 0.7442489000628536], [80, 40, 0.74160905091137652], [80, 50, 0.74179761156505342], [80, 60, 0.73915776241357634], [80, 70, 0.73582652419861727], [80, 80, 0.73381521055939658]]]
0
1
2
3
4
5
6
7
8
[80, 0, 0.75342551854179762]
The optimum parameters are a convert of 80 and a limit of 0, which yields a score of 0.7534255185417976




==================================================================



[[[80, 0, 0.75342551854179762]], [[90, 0, 0.75430546825895661]], [[100, 0, 0.75461973601508481]], [[110, 0, 0.75260842237586423]], [[120, 0, 0.75323695788812073]], [[130, 0, 0.75279698302954112]], [[140, 0, 0.75417976115650531]], [[150, 0, 0.75411690760527972]], [[160, 0, 0.75380263984915152]], [[170, 0, 0.75493400377121311]], [[180, 0, 0.75443117536140791]], [[190, 0, 0.7553111250785669]]]
0
1
2
3
4
5
6
7
8
9
10
11
[190, 0, 0.7553111250785669]
The optimum parameters are a convert of 190 and a limit of 0, which yields a score of 0.7553111250785669
